28.88,0.00,0.0000,0.00,0.0000,0.00,0.0000,0.00,0.0000,-0.00,0.00,0.00,0.0000,0.00,0.0000
28.88,31.02,0.1503,28.45,-0.1148,25.29,1.0532,76.85,0.4409,0.49,5.78,0.05,5.2007,1153.40,5126.9455
28.88,31.06,0.0144,28.44,-0.3883,25.44,0.5739,76.90,0.2522,0.49,5.79,0.04,4.4396,1978.54,3195.4686
28.88,31.11,0.5851,28.42,0.3517,25.51,0.4446,76.92,0.1408,0.49,5.79,0.04,4.3084,2446.63,1610.4470
28.88,31.15,0.3284,28.39,0.0849,25.55,0.3073,76.93,0.0273,0.49,5.79,0.04,4.2821,2711.35,1128.1112
28.88,31.18,0.4197,28.37,-0.0842,25.56,0.1938,76.93,-0.0124,0.49,5.78,0.04,4.2791,2888.19,673.9892
28.88,31.21,0.0940,28.34,-0.0920,25.58,0.0763,76.93,0.2055,0.49,5.79,0.04,4.2740,3011.16,626.2950
28.81,31.24,0.0128,28.32,-0.1963,25.58,0.1096,76.93,0.0973,0.48,5.79,0.03,4.2806,3109.27,375.4642
28.88,31.26,-0.1219,28.29,-0.0993,25.59,0.0122,76.93,-0.0241,0.49,5.79,0.04,4.2615,3182.47,359.1917
28.81,31.27,0.3872,28.26,-0.0304,25.60,0.0141,76.93,-0.1915,0.48,5.79,0.03,4.2784,3242.72,243.2448
28.88,31.29,-0.0456,28.23,0.0107,25.61,0.1481,76.93,-0.1109,0.48,5.79,0.03,4.2740,3300.47,169.0820
28.88,31.29,0.2592,28.20,0.2081,25.61,0.0634,76.93,0.0847,0.48,5.80,0.04,4.2652,3336.89,163.6457
