.00,0.00,0.00,0.0000,0.05,-0.2715
26.31,31.02,0.2456,25.60,-0.0909,24.78,1.0557,49.70,142.2260,0.49,5.79,0.04,3.8557,1124.86,4936.5102
26.31,31.09,0.5072,25.59,0.3306,24.95,0.5960,67.98,50.6862,0.49,5.79,0.02,3.0484,1843.37,2166.2528
26.38,31.17,0.2254,25.57,-0.3843,25.02,0.2799,74.48,17.7783,0.49,5.79,0.02,3.0440,2141.09,826.8227
26.31,31.26,0.7728,25.56,0.2967,25.05,0.0599,76.79,6.1725,0.49,5.78,0.02,3.2000,2253.95,357.2722
26.31,31.35,0.5069,25.55,-0.4978,25.06,-0.0207,77.62,2.0793,0.49,5.79,0.03,3.3766,2312.79,244.7592
26.38,31.46,0.5063,25.53,-0.1231,25.06,-0.0006,77.90,0.6916,0.47,5.79,0.03,3.5670,2368.78,230.5328
26.31,31.56,0.5212,25.52,-0.1741,25.07,-0.0246,78.00,0.2141,0.49,5.79,0.04,3.7707,2436.83,363.1373
26.38,31.65,0.6178,25.50,0.1743,25.07,0.0576,78.03,0.0441,0.48,5.79,0.04,3.9267,2519.20,343.0826
26.31,31.74,0.5741,25.49,-0.0126,25.08,0.0461,78.04,-0.0407,0.48,5.78,0.04,4.0835,2620.00,545.2152
26.38,31.82,0.7241,25.48,0.1194,25.08,0.0415,78.05,0.0414,0.48,5.79,0.05,4.2894,2728.13,484.3923
26.31,31.88,0.2675,25.46,0.0419,25.08,-0.0183,78.05,0.1893,0.49,5.79,0.04,4.4828,2848.58,647.6299
26.31,31.94,0.1492,25.45,-0.2594,25.08,-0.0886,78.05,-0.0263,0.49,5.79,0.04,4.6513,2971.30,560.7499
26.31,31.99,0.3345,25.43,-0.2623,25.08,-0.0930,78.05,0.0201,0.48,5.79,0.04,4.8425,3097.65,768.2087
26.31,32.05,0.4578,25.42,0.2795,25.08,0.0350,78.04,-0.0122,0.49,5.79,0.05,4.9604,3231.82,652.4531
26.31,32.12,0.3683,25.39,-0.1914,25.08,-0.1194,78.04,-0.0988,0.49,5.79,0.04,5.1751,3433.20,715.7107
26.31,32.17,0.1706,25.37,0.0581,25.09,0.1037,78.04,0.0975,0.49,5.79,0.05,5.1641,3564.10,535.5340
26.38,32.21,0.1801,25.35,-0.5188,25.09,-0.1413,78.04,-0.2136,0.49,5.79,0.04,5.1758,3670.01,540.5313
26.31,32.24,0.2286,25.33,0.2025,25.10,0.0552,78.04,0.1985,0.48,5.78,0.04,5.1788,3763.51,396.3978
26.38,32.28,0.0968,25.31,-0.3328,25.10,-0.0786,78.04,-0.0348,0.49,5.79,0.04,5.1802,3837.24,412.4034
226.38,32.33,0.1434,25.28,-0.1670,25.10,-0.0048,78.04,-0.0800,0.47,5.79,0.04,5.1780,3922.52,247.5957
26.31,32.35,0.1003,25.27,-0.0184,25.11,0.1214,78.04,-0.1210,0.49,5.79,0.05,5.1575,3966.47,171.2649
26.31,32.36,-0.2190,25.26,-0.2649,25.12,0.0637,78.04,0.0685,0.48,5.79,0.04,5.1751,3998.81,112.5619
26.31,32.39,0.3182,25.24,0.0401,25.12,0.0487,78.04,0.0253,0.49,5.79,0.04,5.1832,4024.44,173.2870
26.38,32.42,0.3757,25.22,0.1074,25.12,0.0732,78.03,0.1822,0.48,5.79,0.05,5.1744,4047.41,128.6349
26.31,32.45,0.2764,25.20,0.2782,25.12,0.1805,78.03,0.1079,0.48,5.79,0.04,5.1758,4066.22,45.6913
2626.38,32.49,0.2745,25.17,-0.1347,25.12,-0.0772,78.03,-0.0026,0.48,5.79,0.04,5.1788,4081.30,84.7813
26.31,32.51,0.1441,25.16,0.2477,25.13,-0.0506,78.03,0.1001,0.48,5.79,0.06,5.1516,4092.20,59.2730
26.38,32.53,-0.1141,25.14,-0.3457,25.13,-0.0545,78.03,-0.1112,0.48,5.79,0.05,5.1560,4099.27,5.6690
26.38,32.55,0.3640,25.13,0.3726,25.13,0.1538,78.03,0.2052,0.48,5.79,0.05,5.1670,4105.32,66.6620.38,32.55,0.3640,25.13,0.3726,25.13,0.1538,78.03,0.2052,0.48,5.79,0.05,5.1670,4105.32,66.6620
26.31,32.66,0.2957,25.07,0.2778,25.15,0.1101,78.03,0.0720,0.49,5.79,0.04,5.1832,4121.64,7.8293
26.31,32.69,0.1848,25.06,-0.0887,25.15,-0.0265,78.02,-0.1311,0.48,5.79,0.05,5.1604,4122.98,13.9363
26.38,32.72,-0.0644,25.04,-0.4352,25.15,-0.0476,78.02,0.0071,0.48,5.79,0.04,5.1744,4125.18,7.8560
26.31,32.74,0.4125,25.03,0.4085,25.15,-0.0758,78.02,0.0318,0.47,5.79,0.04,5.1832,4125.74,22.8575
26.38,32.76,0.0466,25.02,-0.1551,25.15,-0.0437,78.02,-0.0097,0.48,5.79,0.04,5.1795,4125.37,34.8740
26.31,32.78,0.4847,25.01,0.0989,25.16,0.0548,78.02,-0.0334,0.48,5.79,0.04,5.1773,4125.24,-17.4967
26.38,32.80,0.1529,25.00,-0.4522,25.16,-0.0147,78.02,-0.0366,0.49,5.79,0.05,5.1678,4127.17,-27.9186
26.38,32.82,0.4068,24.99,0.0046,25.16,0.0915,78.02,-0.1241,0.48,5.79,0.05,5.1289,4129.21,2.2590
26.38,32.83,0.4021,24.98,-0.1164,25.16,-0.0810,78.01,-0.2052,0.49,5.80,0.05,5.1648,4129.63,1.6144
