26.38,29.43,0.1281,26.56,0.0935,0.00,0.0000,0.15,0.1644,0.02,0.00,0.00,0.0000,0.04,0.6700
26.38,29.51,0.3396,26.58,0.1360,24.62,1.2315,48.31,148.0495,0.49,5.78,0.04,4.1773,1080.08,5188.0123
26.44,29.58,0.4818,26.56,-0.0831,24.79,0.5803,67.32,53.0210,0.50,5.79,0.03,3.2872,1835.47,2365.9453
26.38,29.66,0.5351,26.54,0.0972,24.87,0.1798,74.37,17.5991,0.50,5.79,0.04,3.2828,2182.66,982.5458
26.38,29.73,0.3136,26.51,-0.0798,24.90,0.1537,76.63,6.1871,0.48,5.78,0.03,3.4498,2320.51,497.6144
26.44,29.79,0.3268,26.47,-0.2612,24.91,-0.0595,77.42,1.9932,0.50,5.79,0.03,3.6352,2404.37,330.2846
26.38,29.86,0.4255,26.44,-0.1609,24.92,0.0020,77.71,0.8430,0.49,5.78,0.03,3.8190,2480.24,515.8076
26.38,29.92,0.3161,26.41,0.1358,24.92,0.0138,77.81,0.4367,0.49,5.79,0.03,4.0051,2569.29,454.7195
26.38,29.99,-0.1060,26.39,-0.3625,24.92,0.0169,77.84,0.2249,0.49,5.79,0.04,4.1883,2666.79,576.6602
26.38,30.06,0.2801,26.35,-0.1529,24.93,0.0415,77.85,-0.0136,0.49,5.78,0.04,4.3890,2791.43,469.9888
26.38,30.11,0.1964,26.32,0.1485,24.93,0.1393,77.86,-0.0588,0.49,5.78,0.04,4.5692,2909.61,658.2801
26.38,30.16,0.4677,26.29,0.1056,24.94,0.0870,77.86,0.0729,0.50,5.79,0.04,4.7575,3030.96,546.5370
26.38,30.21,0.2271,26.25,-0.1968,24.94,0.0534,77.86,0.1475,0.50,5.78,0.04,4.9282,3157.65,685.9160
26.44,30.25,0.3086,26.22,-0.2541,24.94,-0.0502,77.86,-0.1968,0.49,5.78,0.04,5.1158,3289.12,609.1142
26.38,30.29,0.2804,26.19,0.0874,24.94,-0.0012,77.86,0.0027,0.50,5.79,0.05,5.1758,3420.81,756.1473
26.38,30.34,0.3304,26.14,-0.1360,24.95,0.0194,77.85,-0.2068,0.49,5.78,0.05,5.1538,3561.47,513.8325
26.38,30.38,0.3543,26.11,-0.1937,24.95,-0.0018,77.85,-0.1867,0.50,5.79,0.05,5.1612,3672.04,479.0935
26.38,30.42,0.1029,26.07,-0.0774,24.96,0.0307,77.85,-0.1369,0.49,5.79,0.04,5.1795,3761.89,336.6358
26.38,30.45,0.2300,26.03,-0.3462,24.96,0.0818,77.86,-0.0733,0.48,5.78,0.04,5.1780,3834.65,348.9800
26.38,30.49,0.0358,26.00,-0.2949,24.97,0.0012,77.85,-0.0931,0.50,5.78,0.04,5.1744,3891.36,201.0279
26.38,30.52,0.0766,25.96,-0.2304,24.97,-0.0243,77.85,0.0333,0.50,5.79,0.04,5.1729,3936.88,201.1342
26.44,30.56,-0.1353,25.93,-0.3015,24.98,0.1469,77.85,0.0109,0.49,5.78,0.05,5.1707,3971.41,131.2089
26.38,30.59,0.4772,25.89,0.1117,24.98,0.0512,77.85,-0.0391,0.49,5.79,0.04,5.1817,3999.54,114.0298
26.38,30.62,0.2804,25.86,-0.2725,24.99,0.1019,77.85,-0.0110,0.50,5.79,0.05,5.1700,4021.06,110.6247
26.38,30.65,0.1334,25.83,-0.0327,24.99,0.0243,77.85,0.2047,0.50,5.79,0.04,5.1788,4038.48,74.5723
26.38,30.67,0.1574,25.80,-0.2084,25.00,0.0010,77.85,0.0383,0.48,5.78,0.04,5.1758,4051.86,56.5547
26.44,30.80,0.0660,25.66,-0.2549,25.01,0.0275,77.85,-0.0366,0.48,5.78,0.04,5.1744,4084.25,11.4591
26.38,30.85,0.1139,25.62,-0.2656,25.02,0.0283,77.85,-0.0395,0.49,5.79,0.05,5.1656,4090.10,5.4766
26.38,30.87,0.2383,25.59,-0.0512,25.02,0.1317,77.85,-0.0630,0.49,5.79,0.04,5.1773,4091.73,14.9116
26.44,31.16,0.0296,25.39,-0.2555,25.05,0.0627,77.84,0.0434,0.49,5.79,0.04,5.1788,4101.50,7.2444
26.44,31.19,0.6266,25.37,-0.1878,25.05,0.0932,77.84,0.0691,0.48,5.79,0.05,5.1685,4102.05,2.9409
26.44,31.22,0.1057,25.35,-0.0414,25.05,-0.0487,77.84,-0.0074,0.48,5.79,0.04,5.1751,4102.44,-5.8833
