26.62,0.00,0.0000,0.00,0.0000,0.00,0.0000,0.00,0.0000,-0.00,0.00,0.00,0.0000,0.00,0.0000
26.62,28.08,-0.2528,26.44,0.3918,0.00,-0.0525,16.85,7.1638,-0.08,0.25,0.04,3.3729,1041.80,1478.6514
26.56,28.06,0.0247,26.42,0.0878,0.00,-0.0008,16.86,6.2091,-0.08,0.26,0.04,3.3773,1474.16,713.8481
26.56,28.03,-0.4048,26.40,0.0425,0.00,-0.0057,16.86,5.9091,-0.08,0.27,0.03,3.4029,1689.55,1016.8843
26.69,28.00,0.0044,26.38,0.2304,0.00,-0.0155,16.86,-5.5761,-0.09,0.28,0.04,3.3971,1871.11,593.6981
26.69,27.96,-0.2799,26.36,0.1794,0.00,-0.0064,16.87,-4.5403,-0.08,0.29,0.03,3.3722,2025.60,708.9068
26.56,27.92,-0.7150,26.33,-0.2874,0.00,-0.0118,16.84,2.5201,-0.09,0.30,0.03,3.3985,2147.78,413.0092
26.62,27.89,-0.3393,26.31,-0.1499,0.00,-0.0166,16.82,5.8225,-0.09,0.31,0.03,3.3883,2250.98,577.8539
26.62,27.85,-0.5311,26.28,-0.2995,0.00,-0.0025,16.80,5.3582,-0.09,0.31,0.03,3.3656,2335.41,272.8350
26.56,27.80,-0.0685,26.25,-0.2863,0.00,-0.0010,16.80,0.3146,-0.08,0.32,0.03,3.4337,2407.25,289.0635
26.56,27.76,0.1237,26.22,-0.5820,0.00,-0.0005,16.82,0.1467,-0.09,0.32,0.03,3.4183,2469.55,206.8376
26.62,27.72,0.1446,26.19,0.2395,0.00,-0.0158,16.83,3.3068,-0.09,0.33,0.03,3.4271,2511.67,105.4176
26.69,27.68,-0.2958,26.16,-0.4353,0.00,-0.0008,16.83,4.4569,-0.10,0.33,0.03,3.3919,2549.75,238.9832
26.62,27.64,-0.2875,26.14,0.3705,0.00,-0.0001,16.83,5.4270,-0.10,0.33,0.03,3.4000,2580.47,130.2449
26.56,27.61,-0.2339,26.11,-0.1704,0.00,-0.0005,16.83,5.1578,-0.10,0.33,0.03,3.4044,2602.15,45.9712
26.62,27.57,-0.1098,26.09,0.1475,0.00,-0.0008,16.81,-1.0353,-0.10,0.34,0.03,3.4154,2617.94,185.4471
26.56,27.53,-0.4519,26.06,-0.2694,0.00,-0.0007,16.80,-4.1221,-0.10,0.34,0.03,3.3941,2637.60,56.6875
26.56,27.50,-0.1492,26.04,-0.3480,0.00,-0.0009,16.81,-3.0577,-0.11,0.34,0.03,3.4147,2650.21,77.4563
26.62,27.47,-0.2811,26.01,-0.4337,0.00,-0.0045,16.81,-5.8918,-0.11,0.34,0.03,3.3919,2658.18,-8.7216
26.62,27.43,0.0247,25.99,0.0535,0.00,-0.0097,16.82,-2.7641,-0.11,0.34,0.03,3.4007,2668.71,23.9942
26.62,27.40,-0.4593,25.96,0.1950,0.00,-0.0085,16.81,6.4389,-0.11,0.35,0.03,3.3949,2675.82,61.0919
26.69,27.36,-0.2984,25.94,-0.3850,0.00,-0.0012,16.80,5.1044,-0.10,0.35,0.03,3.4154,2679.57,-27.9605
26.62,27.34,-0.1543,25.93,-0.0779,0.00,-0.0010,16.81,-4.1782,-0.11,0.35,0.03,3.4271,2686.71,15.6393
26.62,27.31,-0.5624,25.91,-0.4880,0.00,-0.0019,16.83,-1.8856,-0.10,0.35,0.03,3.4095,2686.70,75.3163
26.62,27.28,-0.2360,25.90,0.1253,0.00,-0.0003,16.81,6.5180,-0.10,0.35,0.03,3.4161,2691.13,3.9198
26.56,27.26,-0.0331,25.89,0.1989,0.00,-0.0000,16.81,7.0317,-0.12,0.35,0.03,3.4227,2694.37,8.5852
26.62,27.23,0.2601,25.87,-0.1222,0.00,-0.0049,16.80,0.3340,-0.11,0.35,0.03,3.4176,2692.73,-30.6172
26.56,27.21,-0.1417,25.86,-0.4171,0.00,-0.0212,16.82,-5.9338,-0.12,0.35,0.03,3.3678,2697.88,4.1751
26.56,27.18,-0.0949,25.84,-0.2480,0.00,-0.0003,16.83,1.8079,-0.12,0.35,0.03,3.3875,2698.70,52.6531
26.62,27.16,-0.0401,25.83,0.1692,0.00,-0.0113,16.82,6.9980,-0.12,0.36,0.03,3.4462,2697.80,-55.3576
26.69,27.13,-0.2898,25.81,-0.0589,0.00,-0.0000,16.81,6.9245,-0.13,0.36,0.03,3.3678,2700.38,1.2012
26.56,27.11,-0.0742,25.80,0.2140,0.00,-0.0002,16.81,2.4046,-0.12,0.35,0.03,3.4366,2702.11,35.0301
26.56,27.09,0.3435,25.78,0.3323,0.00,-0.0000,16.82,-5.2503,-0.13,0.36,0.03,3.3560,2699.31,-37.8563
26.62,27.07,-0.2115,25.76,0.0079,0.00,-0.0221,16.83,-4.9838,-0.12,0.35,0.03,3.4198,2701.80,-6.5586
26.62,27.05,-0.4128,25.74,-0.6780,0.00,-0.0013,16.82,5.5499,-0.11,0.36,0.03,3.4125,2700.71,66.1770
26.62,27.03,-0.2138,25.72,-0.2764,0.00,-0.0132,16.81,3.4055,-0.12,0.36,0.03,3.3744,2702.58,-3.9680
26.56,27.01,-0.1713,25.71,-0.2225,0.00,-0.0002,16.80,-5.6236,-0.13,0.36,0.03,3.4359,2703.74,0.7101
26.56,27.00,0.0101,25.69,0.1885,0.00,-0.0027,16.80,-7.0937,-0.14,0.36,0.03,3.3919,2700.04,-25.3754
26.62,26.98,0.0195,25.68,0.5465,0.00,-0.0063,16.80,-4.0000,-0.12,0.36,0.03,3.3934,2703.20,-6.9658
26.62,0.00,0.0000,0.00,0.0000,0.00,0.0000,0.00,0.0000,-0.13,0.36,0.03,3.3758,0.00,0.0000
26.56,0.00,0.0000,0.00,0.0000,0.00,0.0000,0.00,0.0000,-0.13,0.36,0.03,3.3758,0.00,0.0000
