26.62,30.99,0.1448,25.85,0.3740,0.00,0.0000,0.27,-0.2108,0.01,0.00,0.00,0.0000,0.18,3.8673
26.56,31.03,0.6239,25.87,0.2227,24.80,1.1626,49.69,140.9831,0.48,5.78,0.04,4.0916,1126.92,4952.3124
26.56,31.10,0.7823,25.86,-0.0007,24.96,0.4329,67.84,49.6617,0.49,5.80,0.03,3.2718,1861.69,2246.3198
26.62,31.19,0.5120,25.84,0.0435,25.03,0.2283,74.27,17.5577,0.49,5.79,0.04,3.2960,2186.00,1006.7598
26.56,31.28,0.2859,25.83,-0.3146,25.06,0.0065,76.54,6.3162,0.49,5.79,0.03,3.4601,2328.09,518.0649
26.62,31.38,0.0926,25.81,-0.3599,25.08,-0.0153,77.34,2.3052,0.50,5.79,0.03,3.6440,2415.32,347.3872
26.56,31.47,0.2753,25.80,-0.4758,25.08,-0.0997,77.63,0.9408,0.50,5.79,0.04,3.8139,2493.76,527.1034
26.62,31.54,0.3867,25.78,-0.2909,25.09,0.0120,77.73,0.1703,0.50,5.79,0.03,4.0132,2584.77,460.0029
26.62,31.62,0.4441,25.76,0.1326,25.09,0.0758,77.76,-0.0652,0.49,5.79,0.03,4.2015,2683.47,577.1096
26.56,31.71,0.3145,25.75,-0.1517,25.09,0.0029,77.77,-0.1539,0.49,5.79,0.04,4.3810,2794.80,542.7017
26.62,31.79,0.6061,25.72,-0.1402,25.10,0.0634,77.78,-0.1670,0.49,5.79,0.04,4.5641,2915.64,704.1753
26.56,31.85,0.2569,25.70,0.0368,25.10,-0.0494,77.78,0.1686,0.49,5.79,0.04,4.7480,3041.37,576.4092
26.62,31.91,0.5964,25.68,0.5081,25.10,0.1253,77.78,0.0488,0.49,5.79,0.05,4.8784,3172.11,800.2303
26.56,31.97,0.4275,25.66,-0.0814,25.10,0.0239,77.78,-0.1691,0.49,5.79,0.04,5.1209,3306.07,669.6390
26.69,32.03,0.3663,25.64,-0.0894,25.10,0.1340,77.77,0.1424,0.49,5.80,0.05,5.1546,3438.27,788.7329
26.69,32.09,0.3105,25.61,0.1222,25.10,0.1412,77.77,0.1742,0.48,5.79,0.04,5.1758,3567.35,602.3710
26.69,32.13,-0.0269,25.59,-0.3709,25.11,-0.0004,77.77,-0.1053,0.49,5.79,0.04,5.1802,3675.35,435.0387
26.62,32.17,0.1963,25.57,0.0637,25.11,0.0284,77.77,0.1667,0.49,5.79,0.04,5.1766,3765.88,474.9705
26.62,32.20,0.1283,25.54,-0.2061,25.12,0.0098,77.77,0.0695,0.49,5.79,0.04,5.1795,3841.07,297.0776
26.69,32.27,0.0659,25.51,-0.2067,25.12,-0.0018,77.77,-0.1516,0.49,5.79,0.04,5.1810,3924.42,276.3561
26.56,32.31,0.3031,25.49,0.0200,25.13,0.0190,77.77,0.1640,0.49,5.79,0.06,5.1626,3967.07,192.9106
26.69,32.35,0.3187,25.46,0.2543,25.13,-0.0121,77.77,0.0266,0.49,5.79,0.06,5.1568,4000.54,126.7677
26.62,32.39,0.0174,25.44,-0.2915,25.13,-0.0280,77.77,0.0350,0.48,5.79,0.05,5.1575,4025.87,81.2699
26.56,32.43,0.1883,25.42,0.1401,25.14,0.0991,77.77,0.0419,0.49,5.79,0.04,5.1897,4046.67,130.1543
26.62,32.46,0.3848,25.40,0.0645,25.14,0.0988,77.77,0.0222,0.48,5.79,0.04,5.1766,4064.35,96.5454
26.62,32.49,0.2108,25.38,0.4170,25.15,0.0826,77.77,0.0531,0.49,5.79,0.05,5.1670,4077.92,33.5508
26.56,32.54,0.2574,25.35,0.2824,25.15,0.1019,77.77,0.0096,0.49,5.79,0.04,5.1722,4092.60,58.5507
26.56,32.57,-0.0690,25.34,-0.2783,25.15,0.0044,77.77,0.0803,0.48,5.79,0.04,5.1788,4099.17,2.3459
26.62,32.59,0.0066,25.32,-0.2126,25.16,-0.0206,77.77,-0.0729,0.48,5.79,0.04,5.1810,4103.68,-3.1416
26.62,32.62,-0.0429,25.30,-0.0632,25.16,-0.0415,77.77,0.0746,0.49,5.79,0.04,5.1758,4108.85,50.0199
26.56,32.65,0.1041,25.28,-0.1877,25.16,0.0147,77.77,0.0277,0.49,5.79,0.05,5.1678,4113.47,38.1952
26.69,32.68,0.2250,25.27,0.0091,25.17,0.0100,77.77,-0.1189,0.48,5.79,0.05,5.1619,4115.65,-19.3392
26.69,32.71,0.2230,25.25,0.1623,25.17,0.0499,77.77,0.0395,0.49,5.78,0.05,5.1670,4116.96,39.6721
26.62,32.74,0.2887,25.24,0.0131,25.17,0.0337,77.76,-0.0981,0.49,5.80,0.04,5.1766,4120.20,-1.2216
26.69,32.77,0.1250,25.22,0.0238,25.17,-0.1213,77.76,0.0141,0.49,5.80,0.04,5.1780,4121.40,9.7819
26.69,32.79,-0.1333,25.21,-0.2834,25.17,-0.0293,77.76,0.0014,0.49,5.79,0.04,5.1773,4122.19,-22.8243
26.62,32.82,0.1221,25.20,-0.0545,25.18,-0.0766,77.76,-0.0794,0.48,5.79,0.04,5.1751,4124.13,2.4501
26.62,32.84,0.5228,25.19,-0.0333,25.18,0.0100,77.76,-0.1246,0.48,5.79,0.05,5.2103,4124.94,1.6114
26.75,32.87,0.1642,25.19,0.1158,25.18,0.1081,77.76,0.1492,0.49,5.79,0.04,5.1722,4124.69,23.6756
26.69,32.89,0.0122,25.18,-0.2983,25.19,-0.0741,77.76,-0.1372,0.48,5.79,0.05,5.1685,4123.81,37.7615
26.69,32.90,0.2090,25.17,0.2170,25.19,0.0000,77.75,-0.0068,0.49,5.80,0.04,5.1780,4124.79,-19.1056
26.75,32.91,-0.1938,25.15,-0.2296,25.19,0.0039,77.75,0.1032,0.48,5.79,0.04,5.1700,4126.26,-32.6255
26.26.75,32.95,0.1583,25.13,-0.1405,25.19,-0.0155,77.75,-0.0831,0.49,5.79,0.04,5.1824,4125.58,-22.7926
