26.56,29.88,-0.0190,26.80,-0.1608,0.00,0.0000,0.13,0.1266,0.01,0.00,0.00,0.0000,0.02,0.3992
26.56,29.97,0.3174,26.79,0.2102,24.68,1.2286,48.20,147.9565,0.49,5.78,0.04,4.1773,1077.55,5191.6166
26.56,30.03,0.2972,26.76,-0.2051,24.84,0.5918,66.91,54.0862,0.50,5.79,0.03,3.2967,1820.67,2408.6097
26.56,30.09,0.4375,26.73,-0.0647,24.92,0.2602,73.73,19.7095,0.49,5.79,0.04,3.2410,2157.66,1072.5837
26.56,30.16,0.0734,26.71,-0.2413,24.95,0.1058,76.22,7.2518,0.49,5.78,0.03,3.4081,2305.95,530.7369
26.56,30.23,0.1704,26.69,0.0303,24.96,0.0607,77.15,2.6039,0.49,5.79,0.04,3.5744,2389.58,476.6907
26.56,30.29,0.5379,26.66,-0.3448,24.97,-0.1003,77.48,0.8208,0.50,5.79,0.03,3.7597,2466.86,414.6813
26.56,30.35,0.2586,26.63,-0.3776,24.98,-0.0510,77.61,0.2832,0.49,5.79,0.03,3.9758,2561.61,479.8356
26.56,30.41,0.1947,26.60,-0.1804,24.98,0.0025,77.65,0.2528,0.49,5.79,0.03,4.1626,2657.27,473.2280
26.56,30.47,-0.2296,26.57,-0.2931,24.98,0.0090,77.67,0.0389,0.49,5.79,0.04,4.3487,2765.55,613.5161
26.56,30.52,0.0144,26.54,-0.3950,24.99,-0.1056,77.67,-0.0282,0.49,5.79,0.04,4.5319,2883.18,523.9155
26.56,30.57,0.2002,26.51,-0.1079,24.99,0.0816,77.67,0.0204,0.49,5.79,0.06,4.7077,3007.37,710.0547
26.62,30.62,0.4251,26.47,-0.3769,25.00,0.0312,77.67,-0.1742,0.49,5.79,0.04,4.9099,3137.68,579.0461
26.62,30.66,0.5970,26.44,-0.1856,25.00,-0.0008,77.67,-0.1684,0.50,5.78,0.04,5.0930,3272.96,686.6539
26.62,30.71,0.2258,26.40,-0.3959,25.00,0.1055,77.67,-0.1327,0.49,5.79,0.04,5.1582,3412.19,575.6735
26.56,30.75,0.2978,26.36,-0.1436,25.00,-0.0329,77.67,0.1136,0.49,5.79,0.04,5.1729,3544.90,628.3044
26.62,30.79,0.2094,26.32,-0.3388,25.01,0.0605,77.67,-0.0775,0.49,5.78,0.04,5.1751,3658.25,432.5589
26.62,30.82,0.4145,26.27,0.0765,25.01,0.0589,77.67,0.1283,0.50,5.79,0.04,5.1802,3753.74,446.3025
26.56,30.85,0.3465,26.23,0.0271,25.02,0.0827,77.67,0.1490,0.49,5.78,0.05,5.1736,3827.48,278.2012
26.56,30.89,0.1305,26.20,-0.1871,25.02,-0.0776,77.67,-0.0002,0.48,5.79,0.05,5.1656,3886.88,262.1093
26.56,30.92,0.2486,26.16,-0.2379,25.02,0.1277,77.67,0.0595,0.50,5.78,0.04,5.1736,3932.13,182.1378
26.62,30.95,0.5287,26.12,-0.0294,25.03,0.0435,77.67,-0.0691,0.49,5.79,0.05,5.1663,3968.83,191.6417
26.62,30.98,-0.1071,26.09,-0.4504,25.04,0.0938,77.67,0.1033,0.49,5.79,0.04,5.1773,3998.79,128.1096
26.56,31.02,-0.0731,26.03,-0.1153,25.04,0.0835,77.67,0.1485,0.50,5.79,0.05,5.1626,4031.74,108.4147
26.56,31.04,0.2171,25.99,-0.0224,25.05,0.0453,77.67,-0.0701,0.50,5.79,0.04,5.1780,4048.22,70.8263
26.62,31.06,0.0860,25.96,-0.2727,25.05,-0.0722,77.67,-0.0921,0.50,5.79,0.04,5.1817,4060.81,57.2011
26.56,31.08,0.3126,25.92,-0.1905,25.05,0.1250,77.67,-0.0502,0.49,5.80,0.04,5.1802,4070.80,34.5990
26.56,31.10,0.0983,25.89,-0.0551,25.06,-0.0088,77.67,0.0227,0.49,5.79,0.05,5.1685,4079.34,42.1691
26.56,31.13,0.2880,25.85,-0.0252,25.06,0.0966,77.67,0.2174,0.49,5.79,0.04,5.1751,4086.83,32.0780
26.56,31.16,0.0907,25.82,-0.1414,25.06,0.0180,77.67,0.1461,0.49,5.80,0.04,5.1736,4091.92,19.7968
26.56,31.20,0.1664,25.79,0.4001,25.07,0.0458,77.67,0.2218,0.49,5.79,0.05,5.1692,4095.82,22.4245
26.56,31.22,0.0221,25.76,-0.1038,25.07,0.1699,77.66,0.1090,0.50,5.79,0.04,5.1751,4098.93,12.4564
26.56,31.25,0.1228,25.73,-0.0204,25.08,-0.0349,77.66,-0.0466,0.49,5.79,0.04,5.1758,4101.70,4.7178
26.56,31.28,-0.0703,25.70,-0.0954,25.08,0.0311,77.66,0.1802,0.49,5.79,0.04,5.1780,4104.13,9.6873
26.56,31.30,0.1139,25.67,-0.2822,25.08,0.0208,77.66,0.0568,0.48,5.79,0.04,5.1802,4106.88,14.0906
26.56,31.31,0.4059,25.64,0.1399,25.08,0.1189,77.66,0.1148,0.48,5.79,0.05,5.1685,4108.52,3.7971
26.56,31.34,-0.0199,25.62,-0.2368,25.09,0.0892,77.66,0.1442,0.50,5.79,0.05,5.1744,4109.62,-1.2055
26.62,31.36,-0.0540,25.59,-0.2913,25.09,-0.0736,77.66,0.1072,0.49,5.79,0.06,5.1509,4110.01,9.7086
26.56,31.39,0.0937,25.57,-0.3861,25.09,-0.0578,77.66,-0.0434,0.49,5.79,0.05,5.1260,4110.77,6.6715
26.62,31.42,0.2279,25.54,-0.1215,25.09,0.0039,77.66,0.0528,0.49,5.79,0.05,5.1729,4111.34,-2.3687
26.62,31.45,-0.0443,25.52,-0.1142,25.10,-0.0334,77.66,-0.0888,0.49,5.78,0.06,5.1597,4111.93,0.8365
26.56,31.47,0.1438,25.51,-0.4965,25.10,0.0461,77.66,-0.1810,0.49,5.79,0.04,5.1744,4112.31,9.5014
26.56,31.49,0.0030,25.49,-0.0190,25.10,-0.0484,77.66,-0.1108,0.49,5.79,0.04,5.1773,4113.26,10.6107
26.62,31.52,-0.0946,25.48,-0.2703,25.11,-0.0310,77.66,0.0855,0.48,5.79,0.04,5.1766,4113.64,-2.0762
26.62,31.54,0.0667,25.46,0.1697,25.11,0.0968,77.66,0.0347,0.49,5.79,0.06,5.1568,4113.54,8.6995
26.69,31.57,0.1091,25.45,-0.3146,25.11,-0.0193,77.66,-0.1558,0.49,5.79,0.04,5.1744,4114.11,5.8496
26.69,31.59,0.1321,25.43,0.0641,25.12,0.1134,77.66,-0.1035,0.49,5.79,0.04,5.1758,4113.77,-2.1993
